int ADC_LUT[4096] = { 0,
81,84,87,90,93,96,97,99,100,101,102,103,105,106,107,108,
110,111,112,113,114,115,116,117,118,119,120,121,122,122,123,124,
125,126,127,128,129,130,132,133,134,135,136,137,138,139,140,141,
143,144,145,146,147,148,149,150,151,152,153,154,155,156,158,159,
160,161,162,163,164,165,166,167,168,169,170,171,172,173,174,176,
177,178,179,180,181,183,184,185,186,187,189,190,191,192,193,194,
195,196,197,198,199,200,201,202,203,204,205,206,207,208,209,210,
211,212,213,214,215,217,218,219,220,221,222,223,224,225,227,228,
229,231,232,234,235,236,238,239,240,242,243,245,246,248,249,251,
252,254,255,256,257,258,259,260,261,262,263,264,265,266,267,268,
268,269,270,271,272,274,275,276,277,279,280,281,282,284,285,286,
288,289,290,291,292,293,294,295,296,297,298,299,300,301,302,303,
304,305,306,308,309,310,311,312,313,314,315,316,317,318,319,320,
321,322,324,325,326,327,328,329,330,331,332,333,334,335,336,337,
338,340,341,342,343,344,345,346,348,349,350,351,352,353,354,355,
356,357,358,358,359,360,361,362,363,364,365,366,367,368,369,370,
4095,373,374,376,377,379,380,381,383,384,386,387,388,390,391,393,
394,395,397,398,400,401,401,402,403,404,405,406,407,408,409,409,
410,411,412,413,414,415,416,417,418,419,421,422,423,424,426,427,
428,429,431,432,433,434,435,437,438,439,440,441,442,444,445,446,
447,448,449,450,451,453,454,455,456,457,458,459,460,461,462,463,
464,465,466,467,468,469,470,471,472,474,475,476,477,478,479,480,
481,482,483,484,485,486,487,488,489,490,491,493,494,495,496,498,
499,501,503,505,507,509,510,512,513,514,515,516,517,518,519,521,
522,523,524,525,526,527,528,529,531,532,533,534,536,537,538,539,
541,542,543,544,545,546,547,548,4095,550,551,553,554,555,556,557,
558,559,560,561,562,563,564,4095,567,568,569,570,571,573,574,575,
576,577,578,579,580,581,4095,583,584,585,586,587,588,589,590,591,
592,594,595,596,597,4095,599,601,602,603,604,605,607,608,609,610,
611,612,613,615,616,617,618,619,620,621,623,624,625,626,627,628,
629,629,630,631,632,633,634,635,636,637,638,639,640,641,643,644,
645,646,648,649,650,651,653,654,655,656,657,658,659,660,661,662,
4094,663,664,665,666,667,668,669,669,670,671,672,673,674,675,676,
678,679,680,681,682,683,684,685,686,687,688,689,690,691,692,693,
694,695,696,697,698,699,700,701,702,703,704,705,706,708,709,710,
712,713,714,715,717,718,719,721,722,723,724,725,727,728,729,730,
731,732,734,735,736,737,738,739,740,742,743,744,745,746,747,748,
750,751,752,753,754,755,757,758,759,760,761,763,764,765,766,767,
768,769,771,772,773,774,775,776,777,778,779,780,781,782,783,784,
785,786,787,788,789,790,791,792,793,794,795,796,797,798,799,800,
801,802,804,805,806,807,809,810,811,813,814,815,816,818,819,820,
821,822,823,825,826,827,828,829,831,832,833,834,835,836,837,838,
839,840,841,842,844,845,846,847,848,849,850,851,852,853,854,855,
856,858,859,860,861,862,863,864,865,866,868,869,870,871,872,873,
874,875,877,878,879,880,881,882,883,885,886,887,888,889,890,892,
893,894,895,896,897,898,899,900,901,902,903,904,905,906,907,908,
909,910,910,911,912,914,915,916,917,918,919,920,921,922,923,924,
925,926,927,928,930,931,932,933,934,936,937,938,939,940,941,943,
944,945,946,947,948,949,951,952,953,954,955,956,957,958,960,961,
962,963,964,965,966,967,968,969,970,971,972,973,974,975,976,977,
978,979,980,981,982,983,984,986,987,988,989,990,991,992,994,995,
996,997,998,1000,1001,1002,1003,1004,1006,1007,1008,1009,1011,1012,1013,1014,
1016,1017,1018,1019,1020,1022,1023,1024,1025,1026,1027,1028,1030,1031,1032,1033,
1034,1035,1036,1037,1038,1039,1040,1041,1042,1043,1044,1046,1047,1048,1049,1050,
1051,1052,1053,1054,1055,1056,1057,1059,1060,1061,1063,1064,1065,1066,1068,1069,
1070,1071,1073,1074,1075,1076,1077,1078,1079,1080,1081,1082,1083,1084,1085,1087,
1088,1089,1090,1091,1092,1093,1094,1095,1096,1097,1098,1099,1100,1101,1102,1103,
1104,1105,1106,1107,1108,1109,1110,1111,1112,1113,1114,1115,1116,1117,1118,1119,
1120,1121,1122,1123,1124,1125,1127,1128,1129,1130,1131,1132,1133,1134,1135,1136,
1137,1139,1140,1141,1142,1143,1144,1145,1147,1148,1149,1150,1151,1152,1153,1155,
1156,1157,1158,1159,1160,1161,1162,1164,1165,1166,1167,1168,1169,1170,1171,1172,
1173,1174,1175,1176,1177,1179,1180,1181,1182,1183,1184,1185,1186,1187,1188,1189,
1190,1191,1193,1194,1195,1196,1197,1198,1199,1200,1202,1203,1204,1205,1206,1207,
1209,1210,1211,1212,1213,1215,1216,1216,1217,1218,1219,1220,1220,1221,1222,1223,
1223,1224,1225,1226,1226,1227,1228,1229,1229,1230,1231,1232,1233,1234,1235,1236,
1237,1238,1239,1240,1241,1243,1244,1245,1246,1247,1248,1249,1250,1251,1252,1253,
1254,1255,1256,1257,1258,1259,1260,1261,1262,1263,1265,1266,1268,1270,1271,1273,
1275,1276,1278,1280,1281,1282,1283,1284,1285,1286,1287,1288,1289,1290,1291,1292,
1293,1294,1295,1296,1297,1298,1299,1300,1302,1303,1304,1305,1306,1307,1308,1309,
1310,1311,1312,1313,1314,1315,1316,1317,1318,1318,1319,1320,1321,1322,1323,1324,
1325,1325,1326,1327,1328,1330,1331,1332,1334,1335,1337,1338,1339,1341,1342,1344,
1345,1346,1347,1348,1349,1350,1351,1352,1353,1354,1355,1356,1357,1358,1359,1360,
1361,1362,1364,1365,1366,1367,1368,1369,1370,1371,1372,1374,1375,1376,1377,1378,
1379,1381,1382,1383,1384,1385,1387,1388,1389,1390,1391,1392,1393,1394,1395,1396,
1397,1398,1399,1400,1401,1402,1403,1404,1405,1406,1407,1408,1409,1410,1411,1412,
1414,1415,1416,1417,1418,1419,1420,1422,1423,1424,1425,1426,1427,1428,1429,1430,
1431,1432,1434,1435,1436,1437,1438,1439,1440,1441,1442,1443,1444,1445,1446,1447,
1448,1450,1451,1452,1453,1454,1455,1456,1457,1458,1460,1461,1462,1463,1465,1466,
1467,1468,1469,1471,1472,1473,1474,1475,1476,1477,1478,1479,1480,1481,1482,1483,
1484,1485,1486,1487,1488,1489,1491,1492,1493,1494,1496,1497,1498,1499,1500,1502,
1503,1504,1505,1506,1507,1508,1509,1510,1511,1512,1513,1514,1515,1516,1517,1518,
1519,1521,1522,1524,1525,1527,1529,1530,1532,1534,1535,1536,1537,1538,1539,1540,
1541,1542,1543,1544,1545,1546,1547,1548,1549,1550,1551,1552,1553,1554,1555,1556,
1558,1559,1560,1561,1562,1563,1565,1566,1567,1568,1569,1571,1572,1573,1574,1575,
1576,1578,1579,1580,1581,1582,1584,1585,1586,1587,1588,1589,1590,1591,1592,1594,
1595,1596,1597,1598,1599,1600,1601,1602,1603,1603,1604,1605,1606,1607,1608,1609,
1609,1610,1611,1612,1613,1614,1614,1615,1616,1617,1619,1620,1621,1622,1623,1625,
1626,1627,1628,1629,1631,1632,1633,1635,1636,1638,1639,1641,1642,1644,1645,1646,
1648,1649,1650,1651,1652,1653,1654,1655,1656,1657,1658,1659,1660,1661,1662,1663,
1664,1666,1667,1668,1669,1670,1671,1673,1674,1675,1676,1677,1679,1680,1681,1682,
1683,1684,1684,1685,1686,1687,1688,1689,1690,1691,1692,1693,1694,1695,1696,1697,
1698,1699,1700,1701,1702,1703,1704,1705,1706,1707,1708,1709,1710,1712,1713,1714,
1715,1716,1717,1718,1719,1720,1721,1722,1723,1724,1725,1726,1727,1728,1729,1731,
1732,1734,1735,1737,1738,1740,1741,1743,1744,1745,1747,1748,1749,1750,1751,1752,
1753,1754,1755,1757,1758,1759,4090,1761,1762,1764,1765,1766,1767,1768,1770,1771,
1772,1773,1775,1776,1777,1779,1781,1783,1785,1786,1788,1790,1792,1792,1793,1794,
4090,1795,1796,1796,1797,1798,1798,1799,1800,1800,1801,1802,1802,1803,1804,1804,
1805,1806,1806,1807,1808,1809,1809,1810,1811,1812,1813,1813,1814,1815,1816,1817,
1817,1818,1819,1820,1821,1821,1822,1823,1824,1825,1827,1828,1829,1831,1832,1833,
1834,1836,1837,1838,1840,1841,1842,1843,1844,1845,1847,1848,1849,1850,1851,1852,
1854,1855,1856,1857,1858,1859,1860,1861,1863,1864,1865,1866,1867,1868,1869,1870,
1871,1873,1874,1875,1876,1877,1878,1879,1880,1881,1882,1883,1884,1885,1887,1888,
1889,1890,1891,1892,1893,1894,1895,1896,1897,1898,1899,1900,1901,1902,1903,1904,
1905,1906,1907,1909,1910,1911,1912,1913,1914,1915,1916,1917,1918,1919,1920,1921,
1922,1923,1924,1925,1926,1927,1928,1929,1930,1931,1932,1933,1934,1935,1936,1937,
1939,1940,1941,1943,1944,1946,1947,1948,1950,1951,1952,1953,1954,1955,1956,1958,
1959,1960,1961,1962,1963,1964,1965,1966,1967,1968,1969,1970,1971,1972,1973,1974,
1975,1976,1977,1978,1979,1981,1982,1983,1984,1985,1986,1987,1989,1990,1991,1992,
1993,1995,1996,1997,1998,2000,2001,2002,2003,2005,2006,2007,2008,2010,2011,2012,
2013,2014,2016,2017,2018,2018,2019,2020,2021,2022,2023,2024,2025,2026,2027,2027,
2028,2029,2030,2031,2032,2032,2033,2034,2034,2035,2035,2036,2036,2037,2037,2038,
2039,2039,2040,2040,2041,2041,2042,2042,2043,2044,2044,2045,2045,2046,2046,2047,
2047,2048,2049,2050,2052,2053,2054,2055,2056,2057,2058,2059,2060,2062,2063,2064,
2065,2066,2067,2068,2069,2070,2071,2072,2073,2074,2075,2076,2078,2079,2080,2081,
2082,2083,2084,2085,2086,2087,2088,2089,2090,2091,2092,2093,2094,2095,2096,2097,
2099,2100,2101,2103,2104,2105,2107,2108,2109,2111,2112,2113,2114,2115,2116,2117,
2118,2119,2120,2121,2122,2123,2124,2125,2126,2127,2128,2129,2130,2132,2133,2134,
2136,2137,2139,2140,2141,2143,2144,2145,2146,2147,2148,2149,2150,2152,2153,2154,
2155,2156,2157,2158,2159,2160,2161,2162,2163,2165,2166,2167,2168,2169,2170,2171,
2172,2173,2174,2175,2176,2177,2178,2179,2180,2181,2182,2183,2184,2185,2186,2187,
2188,2189,2190,2191,2192,2193,2194,2196,2197,2198,2199,2201,2202,2203,2204,2206,
2207,2208,2209,2210,2211,2212,2213,2214,2215,4088,2217,2218,2219,2220,2222,2223,
2224,2225,2226,2227,2228,2229,2230,2231,2232,2233,2234,2236,2237,2238,2239,2240,
2241,2242,2244,2245,2246,2247,2248,2249,2251,2252,2253,2254,2255,2257,2258,2259,
2260,2261,2262,2263,2264,2265,2266,2267,2268,2269,2270,2271,2272,2273,2274,2276,
2277,2278,2279,2280,2281,2283,2284,2285,2286,2287,2288,2290,2291,2293,2294,2295,
2297,2298,2299,2301,2302,2303,2305,2306,2307,2308,2309,2310,2311,2313,2314,2315,
2316,2317,2318,2319,2320,2321,2322,2323,2324,2324,2325,2326,2327,2328,2328,2329,
2330,2331,2332,2332,2333,2334,2335,2336,2337,2338,2339,2340,2341,2342,2343,2344,
2345,2346,2347,2348,2349,2350,2351,2352,2353,2355,2356,2357,2358,2359,2360,2361,
2362,2363,2364,2365,2367,2368,2369,2370,2371,2373,2374,2375,2377,2378,2379,2380,
2382,2383,2384,2385,2386,2387,2388,2389,2390,2392,2393,2394,2395,2396,2397,2398,
2399,2400,2401,2402,2403,2404,2405,2406,2407,2408,2409,2410,2411,2412,2413,2415,
2416,2417,2418,2419,2420,2421,2422,2423,2424,2425,2426,2428,2429,2430,2431,2432,
2433,2434,2435,2436,2437,2438,2439,2440,2441,2442,2443,2444,2445,2446,2447,2448,
2450,2451,2452,2453,2454,2455,2456,2457,2458,2460,2461,2462,2463,2464,2465,2466,
2467,2468,2469,2471,2472,2473,2474,2475,2476,2477,2478,2479,2481,2482,2483,2485,
2486,2487,2489,2490,2491,2493,2494,2495,2496,4087,2498,2500,2501,2502,2503,2504,
2505,2506,2507,2508,2509,2510,2511,2512,2513,2514,2515,2516,2518,2519,2520,2521,
2523,2524,2525,2526,2527,2528,2529,2530,2531,2532,2534,2535,2536,2537,2538,2539,
2540,2541,2542,2543,2544,2545,2546,2548,2549,2551,2552,2554,4087,2557,2558,2560,
2561,2562,2563,2565,2566,2567,2568,2569,2570,2572,2573,2574,2575,2576,2577,2578,
2579,2580,2581,2582,2583,2584,2585,2586,2587,2588,2589,2590,2591,2592,2593,2594,
2595,2596,2597,2598,2599,2601,2602,2603,2604,2605,2606,2607,2609,2610,2611,2612,
2614,2615,2616,2617,2618,2620,2621,2622,2623,2625,2626,2627,2628,2629,2630,2631,
2633,2634,2635,2636,2637,2638,2639,2641,2642,2643,2644,2645,2646,2647,2648,2649,
2651,2652,2653,2654,2655,2656,2657,2658,2660,2661,2662,2663,2664,2665,2667,2668,
2669,2670,2671,2672,2673,2674,2675,2676,2677,2678,2679,2680,2681,2682,2683,2684,
2685,2686,2687,2688,2689,2691,2692,2693,2694,2695,2696,2697,2698,2700,2701,2702,
2703,2704,2705,2706,2707,2708,2709,2710,2711,2712,2713,2714,2715,2717,2718,2719,
2720,2721,2722,2723,2724,2725,2726,2727,2728,2729,2730,2731,2732,2733,2735,2736,
2737,2738,2739,2740,2741,2742,2744,2745,2746,2747,2748,2749,2750,2752,2753,2754,
2755,2756,2757,2758,2759,2761,2762,2763,2764,2765,2766,2767,2768,2769,2770,2771,
2772,2773,2774,2775,2776,2778,2779,2780,2781,2782,2783,2784,2785,2786,2787,2788,
2789,2791,2792,2793,2794,2795,2796,2798,2799,2800,2801,2803,2804,2805,2807,2808,
2809,2811,2812,2813,2815,2816,2817,2818,2819,2820,2821,2822,2824,2825,2826,2827,
2828,2829,2830,2831,2832,2833,2835,2836,2837,2838,2839,2840,4086,2843,2844,2845,
2846,2847,2848,2849,2850,2851,2852,2853,2854,2855,2856,2857,2858,2859,2860,2861,
2862,2863,2864,2865,2867,2868,2869,2870,2871,2872,2873,2875,2876,2877,2878,2879,
2880,2882,2883,2884,2886,2887,2888,2889,2891,2892,2893,2895,2896,2902,2908,2912,
2912,2913,2913,2914,2914,2915,2915,2916,2916,2917,2917,2918,2918,2918,2919,2919,
2920,2920,2921,2921,2922,2922,2923,2923,2924,2924,2925,2925,2925,2926,2926,2927,
2927,2928,2929,2930,2931,2932,2933,2934,2935,2936,2937,2938,2939,2940,2941,2942,
2943,2944,2945,2946,2947,2948,2949,2951,2952,2953,2954,2955,2956,2957,2958,2959,
2960,2961,2962,2963,2964,2965,2966,2967,2968,2969,2970,2971,2972,2973,2975,2976,
2977,2978,2979,2980,2981,2982,2983,2984,2985,2986,2987,2988,2989,2990,2991,2992,
2993,2994,2995,2996,2997,2998,2999,3000,3001,3002,3003,3004,3006,3007,3008,3009,
3010,3011,3012,3013,3014,3015,3016,3018,3019,3020,3021,3022,3023,3024,3025,3026,
3027,3028,3029,3030,3031,3032,3033,3034,3035,3036,3037,3038,3039,3040,3042,3043,
3044,3045,3046,3047,3048,3050,3051,3052,3053,3054,3055,3056,3057,3059,3060,3061,
3062,3063,3064,3065,3066,3068,3069,3070,3071,3072,3073,3074,3075,3077,3078,3079,
3080,3081,3082,3083,3084,3086,3087,3088,3089,3090,3091,3092,3093,3094,3095,3096,
3097,3098,3099,3100,3101,3101,3102,3103,3105,3106,3107,3108,3109,3111,3112,3113,
3114,3115,3116,3118,3119,3120,3121,3122,3123,3124,3125,3126,3127,3128,3129,3130,
3131,3132,3133,3134,3135,3136,3137,3138,3139,3140,3141,3142,3143,3144,3145,3146,
3147,3149,3150,3151,3152,3153,3154,3155,3155,3156,3157,3158,3159,3160,3161,4085,
3163,3164,3165,3166,3166,3167,3168,3169,3171,3172,3173,3174,3175,3176,3177,3178,
3179,3180,3182,3183,3184,3185,3185,3186,3187,3188,3189,3190,3191,3192,3192,3193,
3194,3195,3196,3197,3198,3198,3199,3200,3201,3202,3203,3205,3206,3207,3208,3209,
3210,3211,3212,3213,3214,3215,3216,3217,3218,3219,3220,3221,3222,3222,3223,3224,
3225,3226,3227,3228,3229,3230,3231,3232,3233,3234,3235,3236,3237,3238,3239,3240,
3241,3242,3243,3244,3245,3246,3247,3248,3249,3250,3251,3252,3252,3253,3254,3255,
3256,3256,3257,3258,3259,3260,3261,3261,3262,3263,3264,3265,3266,3267,3269,3270,
3271,3272,3273,3275,3276,3277,3278,3279,3280,3281,3282,3283,3284,3285,3285,3286,
3287,3288,3289,3290,3290,3291,3292,3293,3294,3295,3295,3296,3297,3298,3299,3300,
3301,3302,3303,3304,3305,3306,3307,3308,3309,3310,3311,3311,3312,3313,3314,3315,
3316,3317,3318,3319,3320,3321,3322,3323,3324,3325,3326,3327,3328,3329,3330,3331,
3332,3333,4084,3335,3335,3336,3337,3338,3339,3340,3341,3342,3343,3344,3345,3346,
3347,3348,3349,3350,3350,3351,3352,3353,3354,3355,3356,3357,3358,3359,3360,3361,
3361,3362,3363,3364,3365,3366,3367,3368,3368,3369,3370,3371,3372,3373,3374,3375,
3375,3376,3377,3378,3379,3380,3381,3382,3383,3384,3385,3386,3387,3388,3389,3390,
3390,3391,3392,3394,3395,3396,3397,3398,3399,3400,3401,3402,3403,3404,3405,4084,
3408,3408,3409,3409,3410,3410,3411,3412,3412,3413,3413,3414,3414,3415,3416,3416,
3417,3417,3418,3418,3419,3420,3420,3421,3421,3422,3422,3423,3423,3424,3425,3426,
3427,3427,3428,3429,3430,3431,3431,3432,3433,3434,3435,3436,3436,3437,3438,3439,
3440,3440,3441,3442,3443,3444,3445,3445,3446,3447,3448,3449,3450,3450,3451,3452,
3453,3454,3455,3455,3456,3457,3458,3459,3460,3460,3461,3462,3463,3464,3464,3465,
3466,3467,3468,3469,3469,3470,3471,3472,3473,3473,3474,3475,3475,3476,3477,3477,
3478,3479,3480,3480,3481,3482,3482,3483,3484,3485,3485,3486,3487,3487,3488,3489,
3490,3491,3492,3493,3494,3495,3495,3496,3497,3498,3499,3500,3501,3502,3503,3504,
3505,3505,3506,3507,3508,3509,3509,3510,3511,3512,3513,3513,3514,3515,3516,3517,
3517,3518,3519,3520,3520,3521,3522,3523,3523,3524,3525,3526,3526,3527,3528,3529,
3529,3530,3531,3532,3532,3533,3534,3535,3535,3536,3537,3538,3538,3539,3540,3541,
3542,3542,3543,3544,3545,3545,3546,3547,3548,3548,3549,3550,3551,3552,3552,3553,
3554,3555,3556,3556,3557,3558,3559,3559,3560,3561,3562,3563,3563,3564,3565,3566,
3566,3567,3568,3569,3570,3571,3572,3573,3574,3575,3576,3578,3579,3580,3581,3582,
3583,3584,3584,3585,3586,4083,3587,3588,3588,3589,3590,3590,3591,3592,3592,3593,
3593,3594,3595,3595,3596,3597,3597,3598,3599,3599,3600,3601,3602,3602,3603,3604,
3605,3606,3607,3607,3608,3609,3610,3611,3612,3613,3613,3614,3615,3616,3617,3617,
3618,3619,3619,3620,3621,3622,3622,3623,3624,3624,3625,3626,3627,3627,3628,3629,
3629,3630,3631,3632,3632,3633,3634,3635,3635,3636,3637,3637,3638,3639,3640,3640,
3641,3642,3643,3643,3644,3645,3646,3646,3647,3648,3648,3649,3650,3651,3651,3652,
3653,3654,3654,3655,3656,3656,3657,3658,3659,3659,3660,3661,3661,3662,3663,3664,
3664,3665,3666,3666,3667,3668,3669,3669,3670,3671,3671,3672,3673,3673,3674,3675,
3675,3676,3677,3678,3678,3679,3680,3680,3681,3682,3682,3683,3684,3684,3685,3686,
3686,3687,3688,3688,3689,3690,3690,3691,3692,3692,3693,3694,3694,3695,3696,3696,
3697,3698,3698,3699,3700,3700,3701,3702,3702,3703,3703,3704,3705,3705,3706,3707,
3707,3708,3709,3709,3710,3711,3711,3712,4082,3713,3714,3714,3715,3716,3716,3717,
3718,3718,3719,3719,3720,3721,3721,3722,3723,3723,3724,3725,3725,3726,3726,3727,
3728,3728,3729,3730,3731,3731,3732,3733,3734,3734,3735,3736,3737,3737,3738,3739,
3740,3740,3741,3742,3743,3743,3744,3745,3745,3746,3746,3747,3748,3748,3749,3750,
3750,3751,3751,3752,3753,3753,3754,3754,3755,3756,3756,3757,3758,3758,3759,3759,
3760,3761,3761,3762,3763,4082,3764,3765,3766,3766,3767,3768,3769,3769,3770,3771,
3771,3772,3773,3774,3774,3775,3776,3776,3777,3777,3778,3778,3779,3779,3780,3780,
3781,3781,3782,3782,3783,3783,3784,3784,3785,3785,3786,3787,3787,3788,3788,3789,
3789,3790,3790,3791,3791,3792,3792,3793,3793,3794,3795,3795,3796,3796,3797,3798,
3798,3799,3799,3800,3800,3801,3802,3802,3803,3803,3804,3805,3805,3806,3806,3807,
3808,3808,3809,3809,3810,3811,3811,3812,3813,3813,3814,3815,3815,3816,3817,3817,
3818,3819,3819,3820,3821,3821,3822,3823,3823,3824,3825,3825,3826,3826,3827,3827,
3828,3829,3829,3830,3830,3831,3831,3832,3833,3833,3834,3834,3835,3835,3836,3837,
3837,3838,3838,3839,3839,3840,3841,3842,3842,3843,3844,3845,3845,3846,3847,3848,
3849,3849,3850,3851,3852,3852,3853,3854,3855,3855,3856,3857,3857,3858,3859,3859,
3860,3861,3861,3862,3862,3863,3864,3864,3865,3866,3866,3867,3867,3868,3869,3869,
3870,3871,3871,3872,3872,3873,3874,3874,4081,3875,3876,3876,3877,3877,3878,3879,
3879,3880,3880,3881,3881,3882,3882,3883,3883,3884,3885,3885,3886,3886,3887,3887,
3888,3888,3889,3890,3890,3891,3892,3892,3893,3894,3894,3895,3895,3896,3897,3897,
3898,3899,3899,3900,3901,3901,3902,3902,3903,3904,3904,3905,3906,3906,3907,3907,
3908,3909,3909,3910,3910,3911,3912,3912,3913,3913,3914,3915,3915,3916,3916,3917,
3918,3918,3919,3920,3920,4081,3921,3922,3923,3923,3924,3924,3925,3926,3926,3927,
3927,3928,3929,3929,3930,3930,3931,3932,3932,3933,3933,3934,3935,3935,3936,3936,
3937,3937,3938,3938,3939,3939,3940,3940,3941,3941,3942,3942,3943,3944,3944,3945,
3945,3946,3946,3947,3947,3948,3948,3949,3949,3950,3950,3951,3951,3952,3952,3953,
3953,3954,3955,3955,3956,3956,3957,3957,3958,3958,3959,3960,3960,3961,3961,3962,
3962,3963,3963,3964,3965,3965,3966,3966,3967,3967,3968,3968,3969,3970,3970,3971,
3971,3972,3972,3973,3973,3974,3974,3975,3975,3976,3977,3977,3978,3978,3979,3979,
3980,3980,3981,3981,3982,3982,3983,3984,3984,3985,3985,3986,3986,3987,3988,3988,
3989,3989,3990,3991,3991,3992,3992,3993,3994,3994,3995,3995,3996,3997,3997,3998,
3998,3999,4000,4000,4001,4001,4002,4002,4003,4003,4004,4005,4005,4006,4006,4007,
4007,4008,4008,4009,4009,4010,4011,4011,4012,4012,4013,4013,4014,4014,4015,4015,
4016,4017,4017,4018,4018,4019,4019,4020,4020,4021,4021,4022,4022,4023,4023,4024,
4024,4025,4026,4026,4027,4027,4028,4028,4029,4029,4030,4030,4031,4031,4032,4032,
4033,4034,4034,4035,4035,4036,4037,4037,4038,4038,4039,4040,4040,4041,4041,4042,
4043,4043,4044,4044,4045,4046,4046,4047,4047,4048,4048,4049,4049,4050,4050,4051,
4051,4052,4052,4053,4053,4054,4054,4055,4055,4056,4056,4057,4057,4058,4058,4059,
4059,4060,4060,4061,4061,4080,4062,4063,4063,4064,4064,4065,4066,4067,4067,4068,
4069,4070,4070,4071,4072,4073,4073,4074,4075,4076,4076,4077,4078,4079,4079
} ;float ADC_LUT[4096] = { 0,
81.8000,84.8000,87.8000,90.8000,93.8000,96.4000,97.8000,99.0000,100.0000,101.4000,102.8000,103.8000,105.0000,106.4000,107.8000,108.8000,
110.0000,111.2000,112.6000,113.4000,114.4000,115.2000,116.2000,117.0000,118.0000,119.0000,120.0000,121.0000,122.0000,122.8000,123.8000,124.8000,
125.8000,126.8000,127.8000,128.8000,129.8000,130.8000,132.0000,133.0000,134.0000,135.0000,136.2000,137.4000,138.6000,139.8000,140.8000,141.8000,
143.0000,144.0000,145.0000,146.0000,147.2000,148.2000,149.4000,150.6000,151.6000,152.8000,153.8000,154.8000,155.8000,156.8000,158.0000,159.0000,
160.0000,161.0000,162.0000,163.0000,164.2000,165.4000,166.4000,167.6000,168.6000,169.8000,170.8000,171.8000,172.8000,173.8000,174.8000,176.0000,
177.0000,178.2000,179.6000,180.8000,181.8000,183.0000,184.2000,185.4000,186.8000,187.8000,189.0000,190.0000,191.4000,192.6000,193.6000,194.6000,
195.6000,196.6000,197.6000,198.6000,199.4000,200.4000,201.4000,202.4000,203.4000,204.4000,205.2000,206.2000,207.2000,208.2000,209.4000,210.6000,
211.6000,212.8000,213.8000,214.8000,215.8000,217.0000,218.0000,219.0000,220.0000,221.0000,222.2000,223.4000,224.6000,225.8000,227.0000,228.8000,
229.8000,231.0000,232.8000,234.0000,235.2000,236.8000,238.0000,239.2000,240.8000,242.0000,243.8000,245.0000,246.8000,248.0000,249.6000,251.0000,
252.6000,254.0000,255.6000,256.8000,257.8000,258.6000,259.6000,260.4000,261.4000,262.2000,263.2000,264.0000,265.0000,266.0000,267.0000,268.0000,
268.8000,269.8000,270.8000,271.8000,272.8000,274.0000,275.2000,276.8000,277.8000,279.0000,280.4000,281.8000,282.8000,284.0000,285.4000,286.8000,
288.0000,289.0000,290.0000,291.0000,292.0000,293.0000,294.0000,295.2000,296.2000,297.4000,298.4000,299.6000,300.6000,301.6000,302.8000,303.8000,
304.8000,305.8000,306.8000,308.0000,309.0000,310.0000,311.0000,312.0000,313.2000,314.4000,315.4000,316.6000,317.8000,318.8000,319.8000,320.8000,
321.8000,322.8000,324.0000,325.0000,326.0000,327.0000,328.0000,329.0000,330.0000,331.0000,332.2000,333.2000,334.2000,335.4000,336.4000,337.8000,
338.8000,340.0000,341.0000,342.0000,343.4000,344.6000,345.8000,346.8000,348.0000,349.0000,350.2000,351.6000,352.6000,353.4000,354.2000,355.2000,
356.0000,357.0000,358.0000,358.8000,359.8000,360.8000,361.8000,362.6000,363.4000,364.2000,365.0000,366.0000,367.0000,368.0000,369.0000,370.8000,
4095.0000,373.4000,374.8000,376.0000,377.8000,379.0000,380.4000,381.8000,383.2000,384.8000,386.0000,387.4000,388.8000,390.0000,391.8000,393.0000,
394.4000,395.8000,397.0000,398.8000,400.0000,401.0000,401.8000,402.8000,403.8000,404.6000,405.4000,406.2000,407.0000,408.0000,409.0000,409.8000,
410.8000,411.8000,412.6000,413.4000,414.2000,415.0000,416.0000,417.0000,418.6000,419.8000,421.0000,422.2000,423.6000,424.8000,426.0000,427.2000,
428.8000,429.8000,431.0000,432.2000,433.6000,434.8000,435.8000,437.0000,438.0000,439.2000,440.6000,441.8000,442.8000,444.0000,445.0000,446.4000,
447.6000,448.8000,449.8000,450.8000,451.8000,453.0000,454.0000,455.0000,456.0000,457.0000,458.2000,459.2000,460.4000,461.6000,462.6000,463.8000,
464.8000,465.8000,466.8000,467.8000,468.8000,469.8000,470.8000,471.8000,472.8000,474.0000,475.0000,476.0000,477.0000,478.0000,479.0000,480.0000,
481.0000,482.0000,483.2000,484.4000,485.4000,486.6000,487.8000,488.8000,489.8000,490.8000,491.8000,493.0000,494.0000,495.0000,496.0000,498.0000,
499.8000,501.8000,503.6000,505.2000,507.0000,509.0000,510.8000,512.6000,513.6000,514.8000,515.8000,516.8000,517.8000,518.8000,519.8000,521.0000,
522.0000,523.0000,524.0000,525.0000,526.0000,527.2000,528.4000,529.8000,531.0000,532.0000,533.4000,534.8000,536.0000,537.0000,538.6000,539.8000,
541.0000,542.2000,543.8000,544.8000,545.8000,546.8000,547.8000,548.8000,4095.2000,550.8000,551.8000,553.0000,554.0000,555.0000,556.0000,557.0000,
558.0000,559.0000,560.0000,561.0000,562.4000,563.8000,564.8000,4095.3999,567.0000,568.0000,569.4000,570.8000,571.8000,573.0000,574.0000,575.0000,
576.4000,577.4000,578.4000,579.4000,580.4000,581.6000,4095.6001,583.6000,584.6000,585.6000,586.6000,587.8000,588.8000,589.8000,590.8000,591.8000,
592.8000,594.0000,595.0000,596.2000,597.6000,4095.8000,599.8000,601.0000,602.0000,603.4000,604.8000,605.8000,607.0000,608.0000,609.2000,610.4000,
611.8000,612.8000,613.8000,615.0000,616.0000,617.2000,618.4000,619.8000,620.8000,621.8000,623.0000,624.0000,625.0000,626.0000,627.0000,628.0000,
629.0000,629.8000,630.8000,631.8000,632.8000,633.8000,634.8000,635.8000,636.8000,637.6000,638.6000,639.4000,640.4000,641.8000,643.0000,644.0000,
645.6000,646.8000,648.0000,649.2000,650.8000,651.8000,653.0000,654.4000,655.8000,656.8000,657.8000,658.4000,659.2000,660.0000,661.0000,662.0000,
4094.0000,663.8000,664.8000,665.6000,666.2000,667.0000,668.0000,669.0000,669.8000,670.8000,671.8000,672.6000,673.8000,674.8000,675.8000,676.8000,
678.0000,679.0000,680.0000,681.2000,682.2000,683.4000,684.6000,685.8000,686.8000,687.8000,688.8000,689.8000,690.8000,691.8000,692.8000,693.8000,
694.6000,695.6000,696.4000,697.4000,698.2000,699.2000,700.0000,701.0000,702.0000,703.0000,704.0000,705.2000,706.8000,708.0000,709.2000,710.8000,
712.0000,713.0000,714.8000,715.8000,717.0000,718.6000,719.8000,721.0000,722.0000,723.4000,724.8000,725.8000,727.0000,728.0000,729.0000,730.4000,
731.8000,732.8000,734.0000,735.0000,736.0000,737.4000,738.6000,739.8000,740.8000,742.0000,743.0000,744.2000,745.4000,746.8000,747.8000,748.8000,
750.0000,751.0000,752.2000,753.6000,754.8000,755.8000,757.0000,758.0000,759.4000,760.6000,761.8000,763.0000,764.0000,765.2000,766.4000,767.8000,
768.8000,769.8000,771.0000,772.0000,773.0000,774.0000,775.0000,776.2000,777.4000,778.6000,779.6000,780.8000,781.8000,782.8000,783.8000,784.8000,
785.8000,786.8000,787.8000,788.8000,789.8000,790.8000,791.8000,792.6000,793.6000,794.4000,795.4000,796.2000,797.2000,798.2000,799.0000,800.0000,
801.4000,802.8000,804.0000,805.2000,806.8000,807.8000,809.0000,810.4000,811.8000,813.0000,814.2000,815.6000,816.8000,818.0000,819.0000,820.2000,
821.6000,822.8000,823.8000,825.0000,826.2000,827.6000,828.8000,829.8000,831.0000,832.0000,833.2000,834.2000,835.4000,836.6000,837.6000,838.8000,
839.8000,840.8000,841.8000,842.8000,844.0000,845.0000,846.0000,847.0000,848.0000,849.0000,850.2000,851.4000,852.6000,853.8000,854.8000,855.8000,
856.8000,858.0000,859.0000,860.0000,861.0000,862.2000,863.4000,864.6000,865.8000,866.8000,868.0000,869.0000,870.0000,871.2000,872.4000,873.8000,
874.8000,875.8000,877.0000,878.0000,879.0000,880.4000,881.6000,882.8000,883.8000,885.0000,886.0000,887.2000,888.6000,889.8000,890.8000,892.0000,
893.0000,894.2000,895.4000,896.6000,897.6000,898.4000,899.4000,900.4000,901.2000,902.2000,903.0000,904.0000,905.0000,906.0000,907.0000,908.0000,
909.0000,910.0000,910.8000,911.8000,912.8000,914.0000,915.0000,916.0000,917.0000,918.0000,919.0000,920.2000,921.4000,922.4000,923.6000,924.6000,
925.8000,926.8000,927.8000,928.8000,930.0000,931.0000,932.4000,933.6000,934.8000,936.0000,937.0000,938.2000,939.4000,940.8000,941.8000,943.0000,
944.0000,945.2000,946.4000,947.8000,948.8000,949.8000,951.0000,952.0000,953.0000,954.2000,955.6000,956.8000,957.8000,958.8000,960.0000,961.0000,
962.0000,963.0000,964.0000,965.0000,966.0000,967.0000,968.0000,969.0000,970.0000,971.0000,972.0000,973.0000,974.0000,975.0000,976.0000,977.0000,
978.0000,979.2000,980.4000,981.6000,982.8000,983.8000,984.8000,986.0000,987.0000,988.0000,989.2000,990.4000,991.8000,992.8000,994.0000,995.0000,
996.4000,997.8000,998.8000,1000.0000,1001.0000,1002.4000,1003.8000,1004.8000,1006.0000,1007.2000,1008.6000,1009.8000,1011.0000,1012.0000,1013.6000,1014.8000,
1016.0000,1017.0000,1018.4000,1019.8000,1020.8000,1022.0000,1023.2000,1024.6000,1025.8000,1026.8000,1027.8000,1028.8000,1030.0000,1031.0000,1032.0000,1033.0000,
1034.0000,1035.2000,1036.4000,1037.6000,1038.6000,1039.8000,1040.8000,1041.8000,1042.8000,1043.8000,1044.8000,1046.0000,1047.0000,1048.0000,1049.0000,1050.0000,
1051.0000,1052.2000,1053.2000,1054.4000,1055.4000,1056.6000,1057.8000,1059.0000,1060.2000,1061.8000,1063.0000,1064.0000,1065.6000,1066.8000,1068.0000,1069.2000,
1070.8000,1071.8000,1073.0000,1074.0000,1075.0000,1076.0000,1077.2000,1078.2000,1079.4000,1080.6000,1081.8000,1082.8000,1083.8000,1084.8000,1085.8000,1087.0000,
1088.0000,1089.0000,1090.0000,1091.0000,1092.0000,1093.0000,1094.0000,1095.0000,1096.0000,1097.0000,1098.0000,1099.0000,1100.0000,1101.0000,1102.0000,1103.0000,
1104.0000,1105.0000,1106.0000,1107.0000,1108.0000,1109.0000,1110.0000,1111.0000,1112.0000,1113.0000,1114.2000,1115.2000,1116.2000,1117.4000,1118.4000,1119.4000,
1120.6000,1121.8000,1122.8000,1123.8000,1124.8000,1125.8000,1127.0000,1128.0000,1129.0000,1130.0000,1131.2000,1132.4000,1133.6000,1134.6000,1135.8000,1136.8000,
1137.8000,1139.0000,1140.0000,1141.2000,1142.4000,1143.6000,1144.8000,1145.8000,1147.0000,1148.0000,1149.0000,1150.4000,1151.6000,1152.8000,1153.8000,1155.0000,
1156.0000,1157.0000,1158.2000,1159.4000,1160.8000,1161.8000,1162.8000,1164.0000,1165.0000,1166.0000,1167.4000,1168.6000,1169.6000,1170.8000,1171.8000,1172.8000,
1173.8000,1174.8000,1175.8000,1176.8000,1177.8000,1179.0000,1180.0000,1181.0000,1182.0000,1183.0000,1184.0000,1185.0000,1186.2000,1187.4000,1188.8000,1189.8000,
1190.8000,1191.8000,1193.0000,1194.0000,1195.0000,1196.2000,1197.4000,1198.6000,1199.8000,1200.8000,1202.0000,1203.0000,1204.2000,1205.6000,1206.8000,1207.8000,
1209.0000,1210.0000,1211.4000,1212.6000,1213.8000,1215.0000,1216.0000,1216.8000,1217.8000,1218.4000,1219.0000,1220.0000,1220.8000,1221.4000,1222.0000,1223.0000,
1223.8000,1224.4000,1225.0000,1226.0000,1226.8000,1227.6000,1228.0000,1229.0000,1229.8000,1230.6000,1231.0000,1232.0000,1233.0000,1234.0000,1235.0000,1236.2000,
1237.4000,1238.6000,1239.8000,1240.8000,1241.8000,1243.0000,1244.0000,1245.0000,1246.2000,1247.4000,1248.4000,1249.6000,1250.6000,1251.6000,1252.6000,1253.8000,
1254.8000,1255.8000,1256.8000,1257.8000,1258.8000,1259.8000,1260.8000,1261.8000,1262.8000,1263.8000,1265.0000,1266.8000,1268.4000,1270.0000,1271.8000,1273.4000,
1275.0000,1276.8000,1278.2000,1280.0000,1281.0000,1282.0000,1283.0000,1284.0000,1285.0000,1286.0000,1287.0000,1288.0000,1289.2000,1290.2000,1291.2000,1292.2000,
1293.4000,1294.4000,1295.4000,1296.6000,1297.8000,1298.8000,1299.8000,1300.8000,1302.0000,1303.0000,1304.0000,1305.0000,1306.2000,1307.4000,1308.6000,1309.8000,
1310.8000,1311.8000,1312.8000,1313.8000,1314.6000,1315.4000,1316.2000,1317.0000,1318.0000,1318.8000,1319.8000,1320.8000,1321.6000,1322.4000,1323.0000,1324.0000,
1325.0000,1325.8000,1326.8000,1327.8000,1328.8000,1330.0000,1331.4000,1332.8000,1334.0000,1335.8000,1337.0000,1338.4000,1339.8000,1341.0000,1342.8000,1344.0000,
1345.0000,1346.0000,1347.0000,1348.0000,1349.0000,1350.2000,1351.2000,1352.2000,1353.4000,1354.4000,1355.4000,1356.4000,1357.6000,1358.6000,1359.6000,1360.8000,
1361.8000,1362.8000,1364.0000,1365.0000,1366.0000,1367.2000,1368.4000,1369.6000,1370.8000,1371.8000,1372.8000,1374.0000,1375.0000,1376.0000,1377.4000,1378.8000,
1379.8000,1381.0000,1382.0000,1383.4000,1384.6000,1385.8000,1387.0000,1388.0000,1389.2000,1390.6000,1391.8000,1392.8000,1393.8000,1394.8000,1395.8000,1396.8000,
1397.6000,1398.6000,1399.6000,1400.4000,1401.4000,1402.4000,1403.2000,1404.2000,1405.2000,1406.0000,1407.0000,1408.0000,1409.2000,1410.6000,1411.8000,1412.8000,
1414.0000,1415.0000,1416.2000,1417.4000,1418.8000,1419.8000,1420.8000,1422.0000,1423.0000,1424.2000,1425.4000,1426.6000,1427.6000,1428.8000,1429.8000,1430.8000,
1431.8000,1432.8000,1434.0000,1435.0000,1436.0000,1437.0000,1438.0000,1439.0000,1440.2000,1441.4000,1442.4000,1443.6000,1444.8000,1445.8000,1446.8000,1447.8000,
1448.8000,1450.0000,1451.0000,1452.0000,1453.0000,1454.2000,1455.2000,1456.4000,1457.8000,1458.8000,1460.0000,1461.2000,1462.6000,1463.8000,1465.0000,1466.0000,
1467.4000,1468.8000,1469.8000,1471.0000,1472.2000,1473.2000,1474.2000,1475.2000,1476.2000,1477.4000,1478.4000,1479.4000,1480.4000,1481.4000,1482.4000,1483.6000,
1484.6000,1485.6000,1486.6000,1487.6000,1488.8000,1489.8000,1491.0000,1492.2000,1493.6000,1494.8000,1496.0000,1497.0000,1498.4000,1499.8000,1500.8000,1502.0000,
1503.2000,1504.6000,1505.6000,1506.6000,1507.6000,1508.6000,1509.6000,1510.6000,1511.6000,1512.8000,1513.8000,1514.8000,1515.8000,1516.8000,1517.8000,1518.8000,
1519.8000,1521.0000,1522.8000,1524.0000,1525.8000,1527.6000,1529.0000,1530.8000,1532.6000,1534.0000,1535.8000,1536.8000,1537.8000,1538.8000,1539.8000,1540.8000,
1541.8000,1542.8000,1543.8000,1544.8000,1545.6000,1546.6000,1547.4000,1548.4000,1549.4000,1550.2000,1551.2000,1552.0000,1553.4000,1554.8000,1555.8000,1556.8000,
1558.0000,1559.0000,1560.4000,1561.8000,1562.8000,1563.8000,1565.0000,1566.0000,1567.4000,1568.6000,1569.8000,1571.0000,1572.0000,1573.2000,1574.4000,1575.8000,
1576.8000,1578.0000,1579.0000,1580.4000,1581.6000,1582.8000,1584.0000,1585.0000,1586.0000,1587.0000,1588.4000,1589.6000,1590.8000,1591.8000,1592.8000,1594.0000,
1595.0000,1596.0000,1597.0000,1598.2000,1599.4000,1600.6000,1601.2000,1602.0000,1603.0000,1603.8000,1604.8000,1605.6000,1606.4000,1607.0000,1608.0000,1609.0000,
1609.8000,1610.8000,1611.6000,1612.2000,1613.0000,1614.0000,1614.8000,1615.8000,1616.8000,1617.8000,1619.0000,1620.0000,1621.4000,1622.8000,1623.8000,1625.0000,
1626.0000,1627.4000,1628.8000,1629.8000,1631.0000,1632.0000,1633.8000,1635.0000,1636.8000,1638.0000,1639.6000,1641.0000,1642.6000,1644.0000,1645.4000,1646.8000,
1648.2000,1649.2000,1650.2000,1651.4000,1652.4000,1653.4000,1654.4000,1655.6000,1656.6000,1657.6000,1658.6000,1659.8000,1660.8000,1661.8000,1662.8000,1663.8000,
1664.8000,1666.0000,1667.0000,1668.2000,1669.6000,1670.8000,1671.8000,1673.0000,1674.0000,1675.4000,1676.8000,1677.8000,1679.0000,1680.0000,1681.0000,1682.0000,
1683.0000,1684.0000,1684.8000,1685.8000,1686.8000,1687.8000,1688.8000,1689.8000,1690.6000,1691.4000,1692.4000,1693.2000,1694.2000,1695.0000,1696.0000,1697.0000,
1698.0000,1699.2000,1700.2000,1701.4000,1702.4000,1703.6000,1704.6000,1705.8000,1706.8000,1707.8000,1708.8000,1709.8000,1710.8000,1712.0000,1713.0000,1714.0000,
1715.0000,1716.0000,1717.0000,1718.0000,1719.0000,1720.0000,1721.0000,1722.0000,1723.0000,1724.0000,1725.0000,1726.0000,1727.0000,1728.0000,1729.6000,1731.0000,
1732.8000,1734.0000,1735.8000,1737.0000,1738.8000,1740.0000,1741.8000,1743.2000,1744.8000,1745.8000,1747.0000,1748.0000,1749.0000,1750.2000,1751.4000,1752.6000,
1753.8000,1754.8000,1755.8000,1757.0000,1758.0000,1759.0000,4090.2000,1761.6000,1762.8000,1764.0000,1765.0000,1766.4000,1767.8000,1768.8000,1770.0000,1771.2000,
1772.6000,1773.8000,1775.0000,1776.0000,1777.8000,1779.8000,1781.6000,1783.2000,1785.0000,1786.8000,1788.8000,1790.6000,1792.0000,1792.8000,1793.8000,1794.0000,
4090.0000,1795.8000,1796.0000,1796.8000,1797.8000,1798.0000,1798.8000,1799.8000,1800.0000,1800.8000,1801.8000,1802.0000,1802.8000,1803.8000,1804.0000,1804.8000,
1805.8000,1806.0000,1806.8000,1807.6000,1808.0000,1809.0000,1809.8000,1810.8000,1811.4000,1812.0000,1813.0000,1813.8000,1814.8000,1815.6000,1816.2000,1817.0000,
1817.8000,1818.8000,1819.6000,1820.2000,1821.0000,1821.8000,1822.8000,1823.6000,1824.4000,1825.8000,1827.0000,1828.2000,1829.8000,1831.0000,1832.0000,1833.6000,
1834.8000,1836.0000,1837.4000,1838.8000,1840.0000,1841.0000,1842.4000,1843.8000,1844.8000,1845.8000,1847.0000,1848.0000,1849.4000,1850.6000,1851.8000,1852.8000,
1854.0000,1855.0000,1856.2000,1857.4000,1858.6000,1859.8000,1860.8000,1861.8000,1863.0000,1864.0000,1865.0000,1866.2000,1867.4000,1868.6000,1869.8000,1870.8000,
1871.8000,1873.0000,1874.0000,1875.0000,1876.0000,1877.0000,1878.2000,1879.4000,1880.6000,1881.6000,1882.8000,1883.8000,1884.8000,1885.8000,1887.0000,1888.0000,
1889.0000,1890.0000,1891.0000,1892.0000,1893.0000,1894.2000,1895.2000,1896.4000,1897.4000,1898.6000,1899.6000,1900.8000,1901.8000,1902.8000,1903.8000,1904.8000,
1905.8000,1906.8000,1907.8000,1909.0000,1910.0000,1911.0000,1912.0000,1913.0000,1914.0000,1915.0000,1916.0000,1917.2000,1918.2000,1919.4000,1920.4000,1921.4000,
1922.4000,1923.4000,1924.4000,1925.4000,1926.4000,1927.4000,1928.4000,1929.4000,1930.2000,1931.2000,1932.2000,1933.2000,1934.2000,1935.2000,1936.2000,1937.8000,
1939.0000,1940.6000,1941.8000,1943.2000,1944.8000,1946.0000,1947.4000,1948.8000,1950.0000,1951.8000,1952.8000,1953.8000,1954.8000,1955.8000,1956.8000,1958.0000,
1959.0000,1960.0000,1961.0000,1962.0000,1963.0000,1964.0000,1965.0000,1966.0000,1967.0000,1968.2000,1969.2000,1970.4000,1971.4000,1972.6000,1973.6000,1974.8000,
1975.8000,1976.8000,1977.8000,1978.8000,1979.8000,1981.0000,1982.0000,1983.0000,1984.0000,1985.2000,1986.6000,1987.8000,1989.0000,1990.0000,1991.4000,1992.8000,
1993.8000,1995.0000,1996.2000,1997.6000,1998.8000,2000.0000,2001.0000,2002.6000,2003.8000,2005.0000,2006.0000,2007.4000,2008.8000,2010.0000,2011.0000,2012.4000,
2013.8000,2014.8000,2016.0000,2017.0000,2018.0000,2018.8000,2019.8000,2020.8000,2021.6000,2022.4000,2023.2000,2024.0000,2025.0000,2026.0000,2027.0000,2027.8000,
2028.8000,2029.8000,2030.6000,2031.4000,2032.2000,2032.8000,2033.4000,2034.0000,2034.6000,2035.0000,2035.8000,2036.0000,2036.8000,2037.2000,2037.8000,2038.4000,
2039.0000,2039.6000,2040.0000,2040.8000,2041.0000,2041.8000,2042.2000,2042.8000,2043.4000,2044.0000,2044.6000,2045.0000,2045.8000,2046.0000,2046.8000,2047.2000,
2047.8000,2048.8000,2049.8000,2050.8000,2052.0000,2053.0000,2054.0000,2055.2000,2056.3999,2057.6001,2058.8000,2059.8000,2060.8000,2062.0000,2063.0000,2064.0000,
2065.2000,2066.3999,2067.3999,2068.6001,2069.6001,2070.8000,2071.8000,2072.8000,2073.8000,2074.8000,2075.8000,2076.8000,2078.0000,2079.0000,2080.0000,2081.0000,
2082.0000,2083.0000,2084.0000,2085.0000,2086.0000,2087.0000,2088.0000,2089.2000,2090.2000,2091.2000,2092.2000,2093.3999,2094.3999,2095.3999,2096.6001,2097.8000,
2099.0000,2100.6001,2101.8000,2103.0000,2104.6001,2105.8000,2107.0000,2108.6001,2109.8000,2111.0000,2112.3999,2113.3999,2114.2000,2115.2000,2116.2000,2117.2000,
2118.2000,2119.0000,2120.0000,2121.0000,2122.0000,2123.0000,2124.0000,2125.0000,2126.0000,2127.0000,2128.0000,2129.2000,2130.8000,2132.0000,2133.6001,2134.8000,
2136.0000,2137.8000,2139.0000,2140.3999,2141.8000,2143.0000,2144.3999,2145.6001,2146.8000,2147.8000,2148.8000,2149.8000,2150.8000,2152.0000,2153.0000,2154.0000,
2155.0000,2156.2000,2157.2000,2158.3999,2159.6001,2160.8000,2161.8000,2162.8000,2163.8000,2165.0000,2166.0000,2167.0000,2168.0000,2169.2000,2170.3999,2171.6001,
2172.8000,2173.8000,2174.8000,2175.8000,2176.8000,2177.8000,2178.8000,2179.8000,2180.8000,2181.8000,2182.8000,2183.8000,2184.8000,2185.6001,2186.6001,2187.6001,
2188.3999,2189.3999,2190.3999,2191.2000,2192.2000,2193.8000,2194.8000,2196.0000,2197.2000,2198.8000,2199.8000,2201.0000,2202.3999,2203.8000,2204.8000,2206.0000,
2207.3999,2208.8000,2209.8000,2210.8000,2211.8000,2212.8000,2213.8000,2214.8000,2215.8000,4088.8000,2217.8000,2218.8000,2219.8000,2220.8000,2222.0000,2223.0000,
2224.0000,2225.0000,2226.0000,2227.0000,2228.2000,2229.3999,2230.6001,2231.8000,2232.8000,2233.8000,2234.8000,2236.0000,2237.0000,2238.0000,2239.0000,2240.2000,
2241.6001,2242.8000,2244.0000,2245.0000,2246.2000,2247.6001,2248.8000,2249.8000,2251.0000,2252.0000,2253.3999,2254.8000,2255.8000,2257.0000,2258.0000,2259.0000,
2260.0000,2261.0000,2262.0000,2263.0000,2264.0000,2265.0000,2266.0000,2267.0000,2268.2000,2269.2000,2270.2000,2271.3999,2272.3999,2273.8000,2274.8000,2276.0000,
2277.0000,2278.2000,2279.3999,2280.8000,2281.8000,2283.0000,2284.0000,2285.2000,2286.3999,2287.8000,2288.8000,2290.0000,2291.8000,2293.0000,2294.2000,2295.8000,
2297.0000,2298.3999,2299.8000,2301.0000,2302.3999,2303.8000,2305.0000,2306.0000,2307.2000,2308.3999,2309.6001,2310.8000,2311.8000,2313.0000,2314.0000,2315.0000,
2316.3999,2317.6001,2318.8000,2319.8000,2320.8000,2321.6001,2322.2000,2323.0000,2324.0000,2324.8000,2325.8000,2326.3999,2327.0000,2328.0000,2328.8000,2329.8000,
2330.3999,2331.2000,2332.0000,2332.8000,2333.8000,2334.6001,2335.2000,2336.0000,2337.0000,2338.0000,2339.0000,2340.2000,2341.2000,2342.2000,2343.3999,2344.3999,
2345.3999,2346.6001,2347.6001,2348.8000,2349.8000,2350.8000,2351.8000,2352.8000,2353.8000,2355.0000,2356.0000,2357.0000,2358.0000,2359.2000,2360.3999,2361.6001,
2362.8000,2363.8000,2364.8000,2365.8000,2367.0000,2368.0000,2369.2000,2370.6001,2371.8000,2373.0000,2374.3999,2375.8000,2377.0000,2378.0000,2379.6001,2380.8000,
2382.0000,2383.2000,2384.6001,2385.8000,2386.8000,2387.8000,2388.8000,2389.8000,2390.8000,2392.0000,2393.0000,2394.0000,2395.0000,2396.0000,2397.2000,2398.2000,
2399.3999,2400.3999,2401.6001,2402.6001,2403.8000,2404.8000,2405.8000,2406.8000,2407.8000,2408.8000,2409.8000,2410.8000,2411.8000,2412.8000,2413.8000,2415.0000,
2416.0000,2417.0000,2418.0000,2419.0000,2420.2000,2421.3999,2422.6001,2423.8000,2424.8000,2425.8000,2426.8000,2428.0000,2429.0000,2430.0000,2431.0000,2432.2000,
2433.3999,2434.3999,2435.3999,2436.3999,2437.6001,2438.6001,2439.6001,2440.8000,2441.8000,2442.8000,2443.8000,2444.8000,2445.8000,2446.8000,2447.8000,2448.8000,
2450.0000,2451.0000,2452.0000,2453.2000,2454.3999,2455.6001,2456.8000,2457.8000,2458.8000,2460.0000,2461.0000,2462.0000,2463.0000,2464.2000,2465.3999,2466.6001,
2467.8000,2468.8000,2469.8000,2471.0000,2472.0000,2473.0000,2474.2000,2475.3999,2476.6001,2477.8000,2478.8000,2479.8000,2481.0000,2482.3999,2483.8000,2485.0000,
2486.3999,2487.8000,2489.0000,2490.3999,2491.8000,2493.0000,2494.3999,2495.8000,2496.8000,4087.8000,2498.8000,2500.0000,2501.0000,2502.0000,2503.0000,2504.0000,
2505.0000,2506.0000,2507.0000,2508.0000,2509.0000,2510.0000,2511.0000,2512.0000,2513.0000,2514.3999,2515.8000,2516.8000,2518.0000,2519.2000,2520.6001,2521.8000,
2523.0000,2524.0000,2525.3999,2526.8000,2527.8000,2528.8000,2529.8000,2530.8000,2531.8000,2532.8000,2534.0000,2535.0000,2536.0000,2537.0000,2538.0000,2539.0000,
2540.0000,2541.0000,2542.0000,2543.0000,2544.0000,2545.3999,2546.8000,2548.3999,2549.8000,2551.3999,2552.8000,2554.3999,4087.3999,2557.2000,2558.8000,2560.2000,
2561.6001,2562.8000,2563.8000,2565.0000,2566.0000,2567.2000,2568.6001,2569.8000,2570.8000,2572.0000,2573.0000,2574.2000,2575.6001,2576.8000,2577.6001,2578.6001,
2579.3999,2580.3999,2581.3999,2582.2000,2583.2000,2584.0000,2585.0000,2586.0000,2587.0000,2588.0000,2589.0000,2590.0000,2591.0000,2592.0000,2593.0000,2594.0000,
2595.2000,2596.3999,2597.6001,2598.8000,2599.8000,2601.0000,2602.0000,2603.0000,2604.3999,2605.6001,2606.8000,2607.8000,2609.0000,2610.0000,2611.3999,2612.8000,
2614.0000,2615.0000,2616.3999,2617.8000,2618.8000,2620.0000,2621.2000,2622.8000,2623.8000,2625.0000,2626.0000,2627.2000,2628.3999,2629.8000,2630.8000,2631.8000,
2633.0000,2634.0000,2635.2000,2636.6001,2637.8000,2638.8000,2639.8000,2641.0000,2642.0000,2643.0000,2644.2000,2645.3999,2646.6001,2647.8000,2648.8000,2649.8000,
2651.0000,2652.0000,2653.0000,2654.0000,2655.2000,2656.3999,2657.8000,2658.8000,2660.0000,2661.0000,2662.2000,2663.3999,2664.8000,2665.8000,2667.0000,2668.0000,
2669.2000,2670.3999,2671.8000,2672.8000,2673.8000,2674.8000,2675.8000,2676.8000,2677.8000,2678.8000,2679.8000,2680.8000,2681.8000,2682.8000,2683.8000,2684.8000,
2685.8000,2686.8000,2687.8000,2688.8000,2689.8000,2691.0000,2692.0000,2693.0000,2694.2000,2695.6001,2696.8000,2697.8000,2698.8000,2700.0000,2701.0000,2702.0000,
2703.2000,2704.3999,2705.3999,2706.6001,2707.6001,2708.8000,2709.8000,2710.8000,2711.8000,2712.8000,2713.8000,2714.8000,2715.8000,2717.0000,2718.0000,2719.0000,
2720.0000,2721.0000,2722.0000,2723.0000,2724.2000,2725.3999,2726.3999,2727.6001,2728.6001,2729.8000,2730.8000,2731.8000,2732.8000,2733.8000,2735.0000,2736.0000,
2737.0000,2738.2000,2739.3999,2740.8000,2741.8000,2742.8000,2744.0000,2745.0000,2746.2000,2747.3999,2748.8000,2749.8000,2750.8000,2752.0000,2753.0000,2754.2000,
2755.3999,2756.6001,2757.8000,2758.8000,2759.8000,2761.0000,2762.0000,2763.0000,2764.0000,2765.2000,2766.6001,2767.8000,2768.8000,2769.8000,2770.8000,2771.8000,
2772.8000,2773.8000,2774.8000,2775.8000,2776.8000,2778.0000,2779.0000,2780.0000,2781.0000,2782.0000,2783.0000,2784.0000,2785.2000,2786.3999,2787.8000,2788.8000,
2789.8000,2791.0000,2792.0000,2793.3999,2794.6001,2795.8000,2796.8000,2798.0000,2799.0000,2800.2000,2801.8000,2803.0000,2804.2000,2805.8000,2807.0000,2808.3999,
2809.8000,2811.0000,2812.3999,2813.8000,2815.0000,2816.3999,2817.3999,2818.6001,2819.8000,2820.8000,2821.8000,2822.8000,2824.0000,2825.0000,2826.0000,2827.0000,
2828.0000,2829.2000,2830.3999,2831.6001,2832.8000,2833.8000,2835.0000,2836.0000,2837.0000,2838.3999,2839.8000,2840.8000,4086.3999,2843.0000,2844.0000,2845.3999,
2846.6001,2847.8000,2848.8000,2849.8000,2850.8000,2851.8000,2852.8000,2853.8000,2854.8000,2855.8000,2856.8000,2857.8000,2858.8000,2859.8000,2860.8000,2861.8000,
2862.8000,2863.8000,2864.8000,2865.8000,2867.0000,2868.0000,2869.0000,2870.3999,2871.6001,2872.8000,2873.8000,2875.0000,2876.0000,2877.0000,2878.3999,2879.6001,
2880.8000,2882.0000,2883.2000,2884.8000,2886.0000,2887.0000,2888.6001,2889.8000,2891.0000,2892.3999,2893.8000,2895.0000,2896.8000,2902.6001,2908.2000,2912.2000,
2912.8000,2913.2000,2913.8000,2914.0000,2914.8000,2915.0000,2915.8000,2916.0000,2916.6001,2917.0000,2917.6001,2918.0000,2918.3999,2918.8000,2919.2000,2919.8000,
2920.2000,2920.8000,2921.0000,2921.8000,2922.0000,2922.8000,2923.0000,2923.6001,2924.0000,2924.3999,2925.0000,2925.3999,2925.8000,2926.2000,2926.8000,2927.0000,
2927.8000,2928.0000,2929.0000,2930.0000,2931.0000,2932.2000,2933.2000,2934.2000,2935.3999,2936.3999,2937.3999,2938.6001,2939.6001,2940.6001,2941.8000,2942.8000,
2943.8000,2944.8000,2945.8000,2946.8000,2947.8000,2948.8000,2949.8000,2951.0000,2952.0000,2953.0000,2954.0000,2955.0000,2956.0000,2957.0000,2958.0000,2959.0000,
2960.0000,2961.2000,2962.2000,2963.3999,2964.3999,2965.6001,2966.6001,2967.8000,2968.8000,2969.8000,2970.8000,2971.8000,2972.8000,2973.8000,2975.0000,2976.0000,
2977.0000,2978.0000,2979.0000,2980.0000,2981.0000,2982.0000,2983.0000,2984.0000,2985.0000,2986.0000,2987.0000,2988.0000,2989.0000,2990.0000,2991.0000,2992.0000,
2993.0000,2994.2000,2995.3999,2996.3999,2997.6001,2998.6001,2999.8000,3000.8000,3001.8000,3002.8000,3003.8000,3004.8000,3006.0000,3007.0000,3008.0000,3009.0000,
3010.0000,3011.2000,3012.3999,3013.6001,3014.8000,3015.8000,3016.8000,3018.0000,3019.0000,3020.0000,3021.0000,3022.2000,3023.3999,3024.6001,3025.6001,3026.6001,
3027.8000,3028.8000,3029.8000,3030.8000,3031.8000,3032.8000,3033.8000,3034.8000,3035.8000,3036.8000,3037.8000,3038.8000,3039.8000,3040.8000,3042.0000,3043.0000,
3044.2000,3045.3999,3046.6001,3047.8000,3048.8000,3050.0000,3051.0000,3052.0000,3053.2000,3054.3999,3055.6001,3056.8000,3057.8000,3059.0000,3060.0000,3061.0000,
3062.2000,3063.3999,3064.6001,3065.8000,3066.8000,3068.0000,3069.0000,3070.0000,3071.2000,3072.3999,3073.6001,3074.8000,3075.8000,3077.0000,3078.0000,3079.0000,
3080.2000,3081.6001,3082.8000,3083.8000,3084.8000,3086.0000,3087.0000,3088.0000,3089.0000,3090.0000,3091.0000,3092.0000,3093.0000,3094.0000,3095.0000,3096.0000,
3097.0000,3098.0000,3099.0000,3100.0000,3101.0000,3101.8000,3102.8000,3103.8000,3105.0000,3106.0000,3107.2000,3108.6001,3109.8000,3111.0000,3112.0000,3113.2000,
3114.6001,3115.8000,3116.8000,3118.0000,3119.2000,3120.3999,3121.3999,3122.3999,3123.2000,3124.2000,3125.2000,3126.2000,3127.0000,3128.0000,3129.0000,3130.0000,
3131.0000,3132.0000,3133.0000,3134.0000,3135.0000,3136.0000,3137.0000,3138.0000,3139.0000,3140.2000,3141.3999,3142.3999,3143.6001,3144.8000,3145.8000,3146.8000,
3147.8000,3149.0000,3150.0000,3151.0000,3152.0000,3153.0000,3154.0000,3155.0000,3155.8000,3156.8000,3157.8000,3158.8000,3159.6001,3160.3999,3161.2000,4085.0000,
3163.0000,3164.0000,3165.0000,3166.0000,3166.8000,3167.8000,3168.8000,3169.8000,3171.0000,3172.0000,3173.0000,3174.2000,3175.3999,3176.6001,3177.8000,3178.8000,
3179.8000,3180.8000,3182.0000,3183.0000,3184.0000,3185.0000,3185.8000,3186.8000,3187.8000,3188.6001,3189.3999,3190.0000,3191.0000,3192.0000,3192.8000,3193.8000,
3194.8000,3195.3999,3196.2000,3197.0000,3198.0000,3198.8000,3199.8000,3200.8000,3201.8000,3202.8000,3203.8000,3205.0000,3206.0000,3207.0000,3208.0000,3209.0000,
3210.0000,3211.2000,3212.2000,3213.3999,3214.6001,3215.6001,3216.6001,3217.3999,3218.2000,3219.0000,3220.0000,3221.0000,3222.0000,3222.8000,3223.8000,3224.8000,
3225.8000,3226.6001,3227.3999,3228.2000,3229.0000,3230.0000,3231.0000,3232.0000,3233.0000,3234.0000,3235.0000,3236.0000,3237.0000,3238.0000,3239.2000,3240.3999,
3241.3999,3242.6001,3243.6001,3244.8000,3245.8000,3246.8000,3247.8000,3248.8000,3249.6001,3250.2000,3251.0000,3252.0000,3252.8000,3253.8000,3254.3999,3255.0000,
3256.0000,3256.8000,3257.8000,3258.6001,3259.2000,3260.0000,3261.0000,3261.8000,3262.8000,3263.6001,3264.2000,3265.6001,3266.8000,3267.8000,3269.0000,3270.2000,
3271.6001,3272.8000,3273.8000,3275.0000,3276.0000,3277.3999,3278.8000,3279.8000,3280.8000,3281.8000,3282.3999,3283.2000,3284.0000,3285.0000,3285.8000,3286.8000,
3287.6001,3288.2000,3289.0000,3290.0000,3290.8000,3291.8000,3292.6001,3293.2000,3294.0000,3295.0000,3295.8000,3296.8000,3297.8000,3298.8000,3299.8000,3300.6001,
3301.6001,3302.3999,3303.2000,3304.2000,3305.0000,3306.0000,3307.0000,3308.0000,3309.0000,3310.0000,3311.0000,3311.8000,3312.8000,3313.8000,3314.8000,3315.8000,
3316.8000,3317.8000,3318.8000,3319.8000,3320.8000,3321.6001,3322.6001,3323.6001,3324.3999,3325.3999,3326.3999,3327.2000,3328.2000,3329.2000,3330.0000,3331.0000,
3332.0000,3333.0000,4084.6001,3335.0000,3335.8000,3336.8000,3337.8000,3338.8000,3339.8000,3340.8000,3341.8000,3342.6001,3343.6001,3344.3999,3345.2000,3346.2000,
3347.0000,3348.0000,3349.0000,3350.0000,3350.8000,3351.8000,3352.8000,3353.8000,3354.8000,3355.6001,3356.3999,3357.2000,3358.0000,3359.0000,3360.0000,3361.0000,
3361.8000,3362.8000,3363.8000,3364.6001,3365.2000,3366.0000,3367.0000,3368.0000,3368.8000,3369.8000,3370.8000,3371.6001,3372.3999,3373.0000,3374.0000,3375.0000,
3375.8000,3376.8000,3377.8000,3378.8000,3379.8000,3380.6001,3381.6001,3382.3999,3383.3999,3384.2000,3385.0000,3386.0000,3387.0000,3388.0000,3389.0000,3390.0000,
3390.8000,3391.8000,3392.8000,3394.0000,3395.0000,3396.0000,3397.0000,3398.0000,3399.2000,3400.3999,3401.6001,3402.6001,3403.8000,3404.8000,3405.8000,4084.0000,
3408.0000,3408.8000,3409.0000,3409.8000,3410.2000,3410.8000,3411.6001,3412.0000,3412.8000,3413.0000,3413.8000,3414.2000,3414.8000,3415.3999,3416.0000,3416.6001,
3417.0000,3417.8000,3418.0000,3418.8000,3419.3999,3420.0000,3420.6001,3421.0000,3421.8000,3422.0000,3422.8000,3423.2000,3423.8000,3424.6001,3425.3999,3426.0000,
3427.0000,3427.8000,3428.8000,3429.3999,3430.2000,3431.0000,3431.8000,3432.8000,3433.6001,3434.2000,3435.0000,3436.0000,3436.8000,3437.8000,3438.3999,3439.0000,
3440.0000,3440.8000,3441.8000,3442.6001,3443.3999,3444.0000,3445.0000,3445.8000,3446.8000,3447.6001,3448.2000,3449.0000,3450.0000,3450.8000,3451.8000,3452.6001,
3453.2000,3454.0000,3455.0000,3455.8000,3456.8000,3457.6001,3458.2000,3459.0000,3460.0000,3460.8000,3461.8000,3462.3999,3463.0000,3464.0000,3464.8000,3465.8000,
3466.6001,3467.2000,3468.0000,3469.0000,3469.8000,3470.8000,3471.3999,3472.2000,3473.0000,3473.8000,3474.3999,3475.0000,3475.8000,3476.6001,3477.0000,3477.8000,
3478.8000,3479.2000,3480.0000,3480.8000,3481.3999,3482.0000,3482.8000,3483.6001,3484.0000,3485.0000,3485.8000,3486.2000,3487.0000,3487.8000,3488.6001,3489.3999,
3490.2000,3491.2000,3492.0000,3493.0000,3494.0000,3495.0000,3495.8000,3496.8000,3497.8000,3498.8000,3499.8000,3500.6001,3501.3999,3502.3999,3503.2000,3504.0000,
3505.0000,3505.8000,3506.8000,3507.3999,3508.0000,3509.0000,3509.8000,3510.8000,3511.3999,3512.0000,3513.0000,3513.8000,3514.6001,3515.2000,3516.0000,3517.0000,
3517.8000,3518.6001,3519.2000,3520.0000,3520.8000,3521.8000,3522.2000,3523.0000,3523.8000,3524.8000,3525.2000,3526.0000,3526.8000,3527.6001,3528.2000,3529.0000,
3529.8000,3530.6001,3531.2000,3532.0000,3532.8000,3533.6001,3534.0000,3535.0000,3535.8000,3536.6001,3537.0000,3538.0000,3538.8000,3539.8000,3540.3999,3541.0000,
3542.0000,3542.8000,3543.6001,3544.0000,3545.0000,3545.8000,3546.8000,3547.2000,3548.0000,3548.8000,3549.8000,3550.3999,3551.0000,3552.0000,3552.8000,3553.8000,
3554.2000,3555.0000,3556.0000,3556.8000,3557.6001,3558.2000,3559.0000,3559.8000,3560.8000,3561.3999,3562.0000,3563.0000,3563.8000,3564.6001,3565.2000,3566.0000,
3566.8000,3567.8000,3568.6001,3569.8000,3570.8000,3571.8000,3572.8000,3573.8000,3574.8000,3575.8000,3576.8000,3578.0000,3579.0000,3580.0000,3581.0000,3582.0000,
3583.0000,3584.0000,3584.8000,3585.6001,3586.0000,4083.2000,3587.3999,3588.0000,3588.8000,3589.2000,3590.0000,3590.8000,3591.2000,3592.0000,3592.8000,3593.0000,
3593.8000,3594.6001,3595.0000,3595.8000,3596.3999,3597.0000,3597.8000,3598.3999,3599.0000,3599.8000,3600.2000,3601.0000,3602.0000,3602.8000,3603.8000,3604.6001,
3605.3999,3606.0000,3607.0000,3607.8000,3608.8000,3609.8000,3610.3999,3611.0000,3612.0000,3613.0000,3613.8000,3614.8000,3615.3999,3616.2000,3617.0000,3617.8000,
3618.3999,3619.0000,3619.8000,3620.8000,3621.2000,3622.0000,3622.8000,3623.3999,3624.0000,3624.8000,3625.8000,3626.2000,3627.0000,3627.8000,3628.3999,3629.0000,
3629.8000,3630.8000,3631.2000,3632.0000,3632.8000,3633.3999,3634.0000,3635.0000,3635.8000,3636.3999,3637.0000,3637.8000,3638.8000,3639.2000,3640.0000,3640.8000,
3641.6001,3642.2000,3643.0000,3643.8000,3644.6001,3645.0000,3646.0000,3646.8000,3647.3999,3648.0000,3648.8000,3649.8000,3650.2000,3651.0000,3651.8000,3652.6001,
3653.0000,3654.0000,3654.8000,3655.2000,3656.0000,3656.8000,3657.6001,3658.0000,3659.0000,3659.8000,3660.3999,3661.0000,3661.8000,3662.8000,3663.2000,3664.0000,
3664.8000,3665.3999,3666.0000,3666.8000,3667.6001,3668.0000,3669.0000,3669.8000,3670.2000,3671.0000,3671.8000,3672.3999,3673.0000,3673.8000,3674.6001,3675.0000,
3675.8000,3676.8000,3677.2000,3678.0000,3678.8000,3679.3999,3680.0000,3680.8000,3681.3999,3682.0000,3682.8000,3683.3999,3684.0000,3684.8000,3685.3999,3686.0000,
3686.8000,3687.6001,3688.0000,3688.8000,3689.6001,3690.0000,3690.8000,3691.6001,3692.0000,3692.8000,3693.6001,3694.0000,3694.8000,3695.6001,3696.0000,3696.8000,
3697.6001,3698.0000,3698.8000,3699.3999,3700.0000,3700.8000,3701.2000,3702.0000,3702.8000,3703.2000,3703.8000,3704.6001,3705.0000,3705.8000,3706.6001,3707.0000,
3707.8000,3708.3999,3709.0000,3709.8000,3710.2000,3711.0000,3711.8000,3712.0000,4082.8000,3713.6001,3714.0000,3714.8000,3715.3999,3716.0000,3716.8000,3717.2000,
3718.0000,3718.8000,3719.0000,3719.8000,3720.6001,3721.0000,3721.8000,3722.3999,3723.0000,3723.8000,3724.2000,3725.0000,3725.8000,3726.0000,3726.8000,3727.6001,
3728.0000,3728.8000,3729.8000,3730.3999,3731.0000,3731.8000,3732.8000,3733.2000,3734.0000,3734.8000,3735.8000,3736.2000,3737.0000,3737.8000,3738.6001,3739.2000,
3740.0000,3740.8000,3741.6001,3742.0000,3743.0000,3743.8000,3744.3999,3745.0000,3745.8000,3746.2000,3746.8000,3747.6001,3748.0000,3748.8000,3749.2000,3750.0000,
3750.8000,3751.0000,3751.8000,3752.3999,3753.0000,3753.8000,3754.2000,3754.8000,3755.6001,3756.0000,3756.8000,3757.3999,3758.0000,3758.8000,3759.0000,3759.8000,
3760.6001,3761.0000,3761.8000,3762.8000,3763.2000,4082.2000,3764.8000,3765.3999,3766.0000,3766.8000,3767.8000,3768.2000,3769.0000,3769.8000,3770.3999,3771.0000,
3771.8000,3772.6001,3773.0000,3774.0000,3774.8000,3775.3999,3776.0000,3776.8000,3777.0000,3777.8000,3778.0000,3778.8000,3779.0000,3779.8000,3780.0000,3780.8000,
3781.2000,3781.8000,3782.2000,3782.8000,3783.2000,3783.8000,3784.2000,3784.8000,3785.3999,3785.8000,3786.3999,3787.0000,3787.3999,3788.0000,3788.6001,3789.0000,
3789.6001,3790.0000,3790.6001,3791.0000,3791.8000,3792.0000,3792.8000,3793.0000,3793.8000,3794.3999,3795.0000,3795.8000,3796.0000,3796.8000,3797.3999,3798.0000,
3798.6001,3799.0000,3799.8000,3800.2000,3800.8000,3801.6001,3802.0000,3802.8000,3803.0000,3803.8000,3804.3999,3805.0000,3805.8000,3806.0000,3806.8000,3807.2000,
3808.0000,3808.6001,3809.0000,3809.8000,3810.6001,3811.0000,3811.8000,3812.6001,3813.0000,3813.8000,3814.6001,3815.0000,3815.8000,3816.6001,3817.0000,3817.8000,
3818.6001,3819.0000,3819.8000,3820.6001,3821.0000,3821.8000,3822.6001,3823.0000,3823.8000,3824.3999,3825.0000,3825.8000,3826.0000,3826.8000,3827.2000,3827.8000,
3828.3999,3829.0000,3829.8000,3830.0000,3830.8000,3831.2000,3831.8000,3832.3999,3833.0000,3833.8000,3834.0000,3834.8000,3835.2000,3835.8000,3836.3999,3837.0000,
3837.8000,3838.0000,3838.8000,3839.2000,3839.8000,3840.6001,3841.2000,3842.0000,3842.8000,3843.8000,3844.2000,3845.0000,3845.8000,3846.8000,3847.3999,3848.0000,
3849.0000,3849.8000,3850.6001,3851.0000,3852.0000,3852.8000,3853.6001,3854.2000,3855.0000,3855.8000,3856.6001,3857.0000,3857.8000,3858.3999,3859.0000,3859.8000,
3860.2000,3861.0000,3861.8000,3862.0000,3862.8000,3863.6001,3864.0000,3864.8000,3865.3999,3866.0000,3866.8000,3867.2000,3867.8000,3868.6001,3869.0000,3869.8000,
3870.3999,3871.0000,3871.8000,3872.2000,3872.8000,3873.3999,3874.0000,3874.6001,4081.8000,3875.8000,3876.0000,3876.8000,3877.0000,3877.8000,3878.2000,3879.0000,
3879.6001,3880.0000,3880.8000,3881.0000,3881.8000,3882.0000,3882.8000,3883.2000,3883.8000,3884.3999,3885.0000,3885.6001,3886.0000,3886.8000,3887.0000,3887.8000,
3888.2000,3888.8000,3889.6001,3890.0000,3890.8000,3891.3999,3892.0000,3892.8000,3893.2000,3894.0000,3894.8000,3895.2000,3895.8000,3896.6001,3897.0000,3897.8000,
3898.3999,3899.0000,3899.8000,3900.2000,3901.0000,3901.8000,3902.0000,3902.8000,3903.6001,3904.0000,3904.8000,3905.3999,3906.0000,3906.8000,3907.0000,3907.8000,
3908.3999,3909.0000,3909.8000,3910.0000,3910.8000,3911.3999,3912.0000,3912.8000,3913.0000,3913.8000,3914.6001,3915.0000,3915.8000,3916.2000,3916.8000,3917.6001,
3918.0000,3918.8000,3919.2000,3920.0000,3920.6001,4081.2000,3921.8000,3922.2000,3923.0000,3923.6001,3924.0000,3924.8000,3925.2000,3926.0000,3926.6001,3927.0000,
3927.8000,3928.2000,3929.0000,3929.6001,3930.0000,3930.8000,3931.2000,3932.0000,3932.6001,3933.0000,3933.8000,3934.2000,3935.0000,3935.8000,3936.0000,3936.8000,
3937.0000,3937.8000,3938.0000,3938.8000,3939.2000,3939.8000,3940.2000,3940.8000,3941.2000,3941.8000,3942.3999,3942.8000,3943.3999,3944.0000,3944.3999,3945.0000,
3945.6001,3946.0000,3946.6001,3947.0000,3947.6001,3948.0000,3948.8000,3949.0000,3949.8000,3950.0000,3950.8000,3951.0000,3951.8000,3952.0000,3952.8000,3953.2000,
3953.8000,3954.3999,3955.0000,3955.6001,3956.0000,3956.8000,3957.0000,3957.8000,3958.2000,3958.8000,3959.3999,3960.0000,3960.6001,3961.0000,3961.8000,3962.0000,
3962.8000,3963.2000,3963.8000,3964.3999,3965.0000,3965.6001,3966.0000,3966.8000,3967.0000,3967.8000,3968.2000,3968.8000,3969.3999,3970.0000,3970.6001,3971.0000,
3971.6001,3972.0000,3972.8000,3973.0000,3973.8000,3974.0000,3974.8000,3975.2000,3975.8000,3976.3999,3977.0000,3977.6001,3978.0000,3978.6001,3979.0000,3979.8000,
3980.0000,3980.8000,3981.0000,3981.8000,3982.2000,3982.8000,3983.3999,3984.0000,3984.6001,3985.0000,3985.8000,3986.2000,3986.8000,3987.6001,3988.0000,3988.8000,
3989.2000,3989.8000,3990.6001,3991.0000,3991.8000,3992.2000,3992.8000,3993.6001,3994.0000,3994.8000,3995.2000,3995.8000,3996.3999,3997.0000,3997.8000,3998.0000,
3998.8000,3999.3999,4000.0000,4000.8000,4001.0000,4001.8000,4002.0000,4002.8000,4003.2000,4003.8000,4004.3999,4005.0000,4005.6001,4006.0000,4006.8000,4007.0000,
4007.8000,4008.0000,4008.8000,4009.2000,4009.8000,4010.3999,4011.0000,4011.6001,4012.0000,4012.8000,4013.0000,4013.8000,4014.0000,4014.8000,4015.2000,4015.8000,
4016.3999,4017.0000,4017.3999,4018.0000,4018.6001,4019.0000,4019.8000,4020.0000,4020.8000,4021.0000,4021.8000,4022.0000,4022.8000,4023.2000,4023.8000,4024.2000,
4024.8000,4025.3999,4026.0000,4026.3999,4027.0000,4027.6001,4028.0000,4028.8000,4029.0000,4029.8000,4030.0000,4030.8000,4031.0000,4031.8000,4032.2000,4032.8000,
4033.6001,4034.0000,4034.8000,4035.2000,4035.8000,4036.6001,4037.0000,4037.8000,4038.0000,4038.8000,4039.3999,4040.0000,4040.8000,4041.0000,4041.8000,4042.3999,
4043.0000,4043.8000,4044.0000,4044.8000,4045.3999,4046.0000,4046.8000,4047.0000,4047.8000,4048.3999,4048.8000,4049.2000,4049.8000,4050.2000,4050.8000,4051.2000,
4051.8000,4052.2000,4052.8000,4053.2000,4053.8000,4054.0000,4054.8000,4055.0000,4055.8000,4056.0000,4056.8000,4057.0000,4057.8000,4058.0000,4058.8000,4059.0000,
4059.8000,4060.0000,4060.8000,4061.0000,4061.8000,4080.2000,4062.6001,4063.0000,4063.6001,4064.0000,4064.8000,4065.3999,4066.0000,4067.0000,4067.8000,4068.3999,
4069.0000,4070.0000,4070.8000,4071.6001,4072.0000,4073.0000,4073.8000,4074.6001,4075.2000,4076.0000,4076.8000,4077.6001,4078.2000,4079.0000,4079.80
};